0.1405184
0.09163882
0.8959928
0.3101838
0.07126273
0.7483224
0.691754
0.5737596
0.2261069
0.2223106
0.9250499
0.769315
0.6463663
0.4472058
0.698999
0.07301874
0.6989735
0.4069861
0.4570036
0.6553774
0.3293734
0.6266842
0.8948732
0.5592162
0.8421684
0.8316856
0.2124928
0.6427571
0.247016
0.4094436
0.8554778
0.2874652
0.01291475
0.271464
0.1041184
0.6877855
0.01104127
0.2062336
0.04908506
0.2990776
0.8344096
0.1273679
0.5254457
0.6901974
0.9284973
0.7230302
0.1094504
0.748307
0.02790658
0.7330053
0.2968716
0.2038827
0.5935868
0.8937378
0.2274025
0.3300399
0.5848358
0.9072963
0.8546012
0.4647275
0.3116101
0.4401962
0.5569376
0.8108819
0.09064838
0.1327101
0.7798754
0.9179735
0.8813418
0.2726982
0.5296742
0.6264314
0.5514228
0.4984986
0.9492672
0.09520372
0.2293155
0.6363148
0.4283898
0.3227858
0.8163204
0.03602311
0.8725641
0.4341262
0.8136906
0.2059661
0.09353093
0.5388943
0.6887877
0.6315589
0.8921733
0.1037667
0.6285811
0.1388754
0.5943429
0.924823
0.5712517
0.4450928
0.5674208
0.231291
