0.8131153
0.2430492
0.7222367
0.1728663
0.8795192
0.8080654
0.3862699
0.6002913
0.3149426
0.5542084
0.6499382
0.1166741
0.3238954
0.346871
0.3121358
0.1088522
0.06397774
0.6940042
0.2821893
0.1218266
0.3258263
0.2121933
0.5097189
0.469138
0.7598166
0.1851745
0.5761738
0.8003212
0.6698349
0.03164313
0.6544378
0.384343
0.5522877
0.4691888
0.7839412
0.4252965
0.3444501
0.2168082
0.5900808
0.6917019
0.4147209
0.6190535
0.1921128
0.5825982
0.7888021
0.7416712
0.3957455
0.6382996
0.565065
0.4042819
0.09250834
0.9517228
0.3884597
0.1541494
0.1579722
0.5399579
0.8623427
0.2566516
0.7911787
0.8452317
0.1236107
0.3142163
0.759673
0.1390809
0.07573556
0.1286348
0.9878695
0.3720082
0.1944341
0.4062439
0.428926
0.4616867
0.06196942
0.9108719
0.2249294
0.2187182
0.2089305
0.9403379
0.3360185
0.7946456
0.6524751
0.553341
0.8443427
0.2411283
0.6401102
0.3822668
0.2998927
0.2982937
0.454108
0.09986488
0.6867052
0.976162
0.9297641
0.5572627
0.7022616
0.09430562
0.3952063
0.5358235
0.1343072
0.9768823
