0.2399452
0.09398761
0.337706
0.7084462
0.09609496
0.1783589
0.6763533
0.316836
0.9515992
0.4736372
0.5937445
0.1606415
0.8067622
0.6861336
0.02163141
0.1858357
0.5427351
0.0836697
0.7214754
0.5205079
0.18611
0.4666655
0.7851041
0.589037
0.2780192
0.1510056
0.008878249
0.6497355
0.09124384
0.132846
0.293464
0.959636
0.1898515
0.4871323
0.6853347
0.9213879
0.6528172
0.2548951
0.137509
0.03167676
0.1448582
0.5108057
0.8313281
0.9440634
0.7725139
0.9041454
0.9585699
0.1723959
0.8047957
0.6086795
0.8578305
0.9202102
0.3708405
0.2655245
0.6482478
0.8633258
0.374944
0.5011222
0.3712409
0.2611863
0.9026116
0.6051387
0.4939549
0.3828812
0.04560009
0.5568814
0.4856138
0.3113931
0.6450631
0.7941249
0.2716326
0.8037053
0.3613022
0.04536747
0.2076462
0.1813596
0.5261182
0.05134433
0.5108262
0.1327699
0.6578025
0.4210325
0.5962013
0.2960872
0.2333676
0.1811972
0.5737196
0.7100117
0.3204265
0.9111189
0.4590364
0.03965265
0.5568181
0.1964162
0.07801669
0.5051187
0.8999982
0.2685957
0.5893845
0.5502375
