0.2975623
0.8458681
0.3875346
0.1940855
0.6347626
0.6300257
0.1021938
0.9630811
0.04783876
0.4080865
0.3210357
0.8901981
0.8798761
0.7568221
0.9608719
0.06181301
0.2378871
0.6764758
0.2230784
0.9814765
0.9258812
0.4357704
0.9626855
0.3459269
0.612466
0.7887076
0.9840046
0.1060286
0.7110748
0.4291709
0.7221295
0.8135153
0.1617432
0.3697698
0.22808
0.7079343
0.5931864
0.110503
0.2734598
0.7480005
0.6518561
0.005503911
0.3479903
0.4664686
0.3458379
0.9377747
0.3085099
0.6698388
0.4409902
0.8350243
0.5302289
0.03556814
0.0656244
0.2258596
0.01377104
0.9672986
0.9242913
0.8598737
0.913118
0.1221417
0.6369029
0.4402361
0.2887347
0.476869
0.902693
0.4616967
0.3472929
0.6892293
0.01184853
0.4580769
0.8608434
0.003162449
0.1839749
0.1842715
0.2143056
0.4683547
0.2923698
0.9021845
0.1686419
0.8092582
0.2470322
0.1439437
0.8002643
0.411649
0.7755055
0.5919386
0.087248
0.8988545
0.02620925
0.6106294
0.9290712
0.5920853
0.0184293
0.7887872
0.720358
0.4524319
0.2154671
0.5960633
0.8069228
0.4909635
