0.08276982
0.4086233
0.7367334
0.1959981
0.9262479
0.9463572
0.7440013
0.8626987
0.1738376
0.96932
0.6204881
0.8220028
0.09016547
0.8294693
0.4147666
0.9444607
0.1367853
0.8001145
0.5702089
0.5960932
0.9187337
0.6981684
0.4244585
0.3711011
0.05186575
0.604684
0.7250118
0.6577425
0.002317034
0.9014708
0.3575227
0.07351724
0.8088075
0.7346629
0.3835956
0.7120996
0.4309972
0.141722
0.2747225
0.05932141
0.6597513
0.2749202
0.7725454
0.5370414
0.9137088
0.9241667
0.444855
0.8868098
0.6031068
0.706241
0.7916298
0.439514
0.8294103
0.3486567
0.8618244
0.9523688
0.1155395
0.3830309
0.4871192
0.3688813
0.8460994
0.08243074
0.02863532
0.7503508
0.2954142
0.1272537
0.0937957
0.09637039
0.01660195
0.6731257
0.7757162
0.3126377
0.2376847
0.1139992
0.1407765
0.2154158
0.7610958
0.2750957
0.9633666
0.4270218
0.2983172
0.4214581
0.4174571
0.3203092
0.2656634
0.5513553
0.1353353
0.1677243
0.6987269
0.875536
0.2392005
0.6268061
0.3815884
0.4294862
0.9941308
0.7225089
0.6922965
0.381434
0.9676505
0.9059765
