0.4826573
0.4013635
0.8148771
0.8239002
0.09203398
0.5746926
0.4868242
0.2915836
0.8739036
0.275515
0.1726837
0.4645349
0.7603888
0.7544734
0.9405037
0.5492657
0.8286993
0.361394
0.6519046
0.8888257
0.9062927
0.6168118
0.5624229
0.4329664
0.7824467
0.2432897
0.3850973
0.7161595
0.4218548
0.3287589
0.4701284
0.7180077
0.6149995
0.4475263
0.5677595
0.4301281
0.2869091
0.5436377
0.2399571
0.6702307
0.6652362
0.4306855
0.9239647
0.3492739
0.9179455
0.8366813
0.5079363
0.3818039
0.7722199
0.6525037
0.2992204
0.3995303
0.7720841
0.2545719
0.0686369
0.9357558
0.9321089
0.8582008
0.9847646
0.5101048
0.5717324
0.00749725
0.5880528
0.008406708
0.9750564
0.8559934
0.02611735
0.6521903
0.8126114
0.4427566
0.5917167
0.4210849
0.6119534
0.5270369
0.1680354
0.4656602
0.9650267
0.8697163
0.6939628
0.02133087
0.6720781
0.5944044
0.1414913
0.7679263
0.7756488
0.5917743
0.7901808
0.8043984
0.89411
0.6341902
0.4466677
0.2642368
0.80847
0.7153342
0.8231249
0.9819732
0.9968926
0.4610758
0.7718865
0.9899257
