0.7133025
0.6375067
0.3691452
0.6092419
0.462416
0.4835039
0.6448153
0.5670945
0.390953
0.6753583
0.4782826
0.6131725
0.4359501
0.5068853
0.3058986
0.5771402
0.6399539
0.6355011
0.5297628
0.702868
0.4460349
0.229385
0.1571043
0.4730127
0.3244205
0.6325369
0.5082703
0.5046431
0.3911634
0.3490165
0.5211129
0.779507
0.4366046
0.5725331
0.5790862
0.6846433
0.485985
0.4099842
0.468766
0.9581291
0.4234687
0.09286018
0.358549
0.5082792
0.6237073
0.6633511
0.97236
0.5500348
0.3965652
0.3437284
0.8121217
0.4637538
0.3885052
0.6483417
0.5661031
0.7610084
0.4379292
0.5892977
0.4468507
0.2829914
0.3634372
0.3579311
0.6939586
0.534946
0.6253162
0.7064732
0.4261611
0.6414984
0.2720469
0.6061567
0.3030298
0.4194687
0.4652482
0.7636306
0.7810724
0.4306877
0.516788
0.3532838
0.5019926
0.694855
0.4113169
0.3209091
0.3670514
0.6753595
0.3197825
0.4591926
0.6879032
0.189146
0.680473
0.690757
0.3964276
0.3181194
0.4481472
0.648986
0.6174329
0.4612766
0.5706737
0.6106492
0.636476
0.1295936
