0.3563171
0.4056706
0.5910289
0.7097642
0.8756661
0.5898011
0.3834976
0.3249762
0.7388994
0.3538678
0.400752
0.4468615
0.6114074
0.6461562
0.4345082
0.6973799
0.5330044
0.4977415
0.4754082
0.3567095
0.6751268
0.4920452
0.8114611
0.554277
0.5700539
0.4149851
0.4997547
0.6806682
0.8909549
0.3485205
0.5497235
0.339252
0.6818512
0.5868665
0.424687
0.4475285
0.4362076
0.5578603
0.7416442
0.3558816
0.4574607
0.2587561
0.3808054
0.6760669
0.5969235
0.2599692
0.6768387
0.3166988
0.5539506
0.4689886
0.5219916
0.4533134
0.5105527
0.3076019
0.5184398
0.6312928
0.4110326
0.4959417
0.4345603
0.3181462
0.787859
0.7911782
0.2195332
0.836292
0.6377881
0.1888231
0.3543358
0.5591054
0.4731929
0.3964775
0.6279501
0.4611859
0.4340168
0.5158516
0.8612191
0.5687604
0.2229823
0.6055637
0.3510813
0.4314849
0.5686325
0.3829751
0.5535377
0.6011893
0.4899575
0.668084
0.6805016
0.6680387
0.7884277
0.5686303
0.3593192
0.8408365
0.4721768
0.3520603
0.6082095
0.5369878
0.56706
0.3767161
0.3186118
0.5322977
