0.3431201
0.2734009
0.01785632
0.9748531
0.5901217
0.4405002
0.7372094
0.8486315
0.3119336
0.04754871
0.497676
0.1346847
0.6318772
0.0416355
0.5667383
0.825376
0.5971838
0.5457935
0.0602799
0.8432336
0.3736997
0.527111
0.7652559
0.3698686
0.7603157
0.9265014
0.8807715
0.1010089
0.1675307
0.2613509
0.7183278
0.8240987
0.8308938
0.6828372
0.9094208
0.1051153
0.5027096
0.9109886
0.6373847
0.4054841
0.9245884
0.1304289
0.4312681
0.2437119
0.8632734
0.106059
0.08101244
0.8084364
0.1530392
0.622751
0.6346867
0.4388583
0.2687065
0.9928603
0.2827405
0.4726434
0.253987
0.7439741
0.2924999
0.3332359
0.3668326
0.7636894
0.3738045
0.1412205
0.3759974
0.7570244
0.2702182
0.5285014
0.7647715
0.9114685
0.8775543
0.4799767
0.5774712
0.6263565
0.3060562
0.150887
0.07446606
0.09259539
0.2621723
0.8176715
0.6840031
0.3930835
0.2008336
0.1967812
0.8342925
0.5997615
0.009185065
0.3877411
0.3288466
0.930119
0.9343836
0.223597
0.1563376
0.3606455
0.3323268
0.5741035
0.7027705
0.0390075
0.2330869
0.2894534
