0.1623282
0.5219985
0.0186276
0.6437145
0.2922976
0.1556147
0.4634394
0.5962499
0.3836358
0.3591901
0.7573825
0.6983435
0.9337964
0.6075521
0.6042145
0.5975814
0.2963961
0.5006354
0.2975368
0.770537
0.0252464
0.1906219
0.8958909
0.9747064
0.4969067
0.5936207
0.2789004
0.6508171
0.8308335
0.7047934
0.3790379
0.5447246
0.8837856
0.6356721
0.02116401
0.7460587
0.2312896
0.3142483
0.3524969
0.1271051
0.06728954
0.9979165
0.3095516
0.5162632
0.2723898
0.2389013
0.8857748
0.1133748
0.7825772
0.647746
0.1474221
0.7928726
0.5806343
0.8046003
0.5080644
0.7500419
0.7279069
0.6989454
0.1302041
0.07981327
0.2178746
0.1453436
0.297059
0.06167297
0.5172198
0.6003851
0.8450763
0.2219724
0.3363257
0.6273469
0.9839477
0.8629167
0.4896039
0.06460605
0.3843051
0.4700076
0.4409748
0.03737874
0.7495637
0.6090658
0.133379
0.6369635
0.8028778
0.3100282
0.7464073
0.5408311
0.9511036
0.6147161
0.7110569
0.8552023
0.2116151
0.1319194
0.6311814
0.3856567
0.328177
0.2878573
0.2363123
0.3834014
0.1335313
0.7098314
