0.344145
0.9122446
0.8984162
0.1030777
0.978601
0.257111
0.3396618
0.8278553
0.7758185
0.4650481
0.8728286
0.92877
0.412154
0.9098002
0.06930773
0.2417209
0.6515048
0.8374526
0.9199895
0.5017737
0.4495102
0.2617254
0.5364491
0.405531
0.6429722
0.5383388
0.3365639
0.6460821
0.5573822
0.2774388
0.3156721
0.6719195
0.1006412
0.09251235
0.06540762
0.4346045
0.1636913
0.07141019
0.1163713
0.8970575
0.7174118
0.3049843
0.7298757
0.7423886
0.103318
0.1154552
0.09036676
0.6532533
0.1788544
0.49633
0.4273832
0.531071
0.7538757
0.7985316
0.4807186
0.3281485
0.7309236
0.9607793
0.3709468
0.7699304
0.4621774
0.1751656
0.4642999
0.7572886
0.6482344
0.07749117
0.4116385
0.6299678
0.373162
0.3179885
0.7018934
0.8252001
0.3600749
0.7278826
0.861012
0.6657015
0.4604786
0.04805109
0.2103745
0.1817182
0.479789
0.09832338
0.6628428
0.8652926
0.4640544
0.948329
0.5109312
0.03534432
0.693075
0.01733678
0.700124
0.987476
0.6587462
0.2307524
0.8933983
0.4661237
0.9977633
0.4195255
0.790021
0.4353119
