0.3519393
0.5714841
0.4679549
0.4155806
0.7993908
0.5205376
0.6908151
0.4400488
0.4897879
0.7472687
0.4277345
0.5685403
0.453289
0.3855312
0.3524974
0.4028768
0.6861134
0.2920545
0.6290972
0.3156533
0.6220424
0.5018166
0.3828382
0.5484318
0.4353932
0.9224487
0.3377859
0.6357511
0.6212269
0.4513039
0.5769102
0.5929808
0.4662904
0.4351529
0.3862776
0.2897305
0.5911048
0.7143696
0.4596312
0.6446354
0.6105947
0.6936996
0.5230492
0.5502612
0.2596839
0.3182582
0.69634
0.3817167
0.3081677
0.6689905
0.4323668
0.7033477
0.3180356
0.58395
0.4932648
0.5877093
0.4156965
0.6934984
0.4392263
0.4982829
0.6002049
0.5307925
0.4813489
0.2634017
0.4203557
0.7649662
0.5928206
0.5259135
0.3441324
0.6776882
0.6860136
0.684468
0.1256386
0.383028
0.4132868
0.3692949
0.4072566
0.8077651
0.4144952
0.4467771
0.6844843
0.3660431
0.3091664
0.4772583
0.1162692
0.7949326
0.6565855
0.6872308
0.2312809
0.5012674
0.2722113
0.170593
0.5366983
0.4460228
0.5277165
0.2509718
0.4661558
0.2373353
0.6966078
0.3175157
