0.4212355
0.6159762
0.8936823
0.04234377
0.8678447
0.2933371
0.8998677
0.3798539
0.9822695
0.436132
0.6312299
0.4130749
0.9698225
0.3445416
0.3337964
0.5928931
0.8453208
0.4755472
0.4029931
0.2373095
0.1851152
0.4991783
0.773985
0.3532705
0.8132438
0.107831
0.9525411
0.6084746
0.6731928
0.6546606
0.5160866
0.3218907
0.6724065
0.9556964
0.8911938
0.01367552
0.7558485
0.4990868
0.1762211
0.5890401
0.4815905
0.1039797
0.08668169
0.1448799
0.7112387
0.6621308
0.673664
0.7625096
0.233251
0.8789348
0.8423521
0.5814272
0.08538702
0.1413131
0.1320119
0.9824897
0.4481048
0.7431091
0.1995712
0.01352482
0.87111
0.5270433
0.810622
0.489245
0.02162523
0.6354707
0.9881462
0.108497
0.5044272
0.9918303
0.6150032
0.02984413
0.2356838
0.7902552
0.5666079
0.2820017
0.6171715
0.2403074
0.3335118
0.9697842
0.6758236
0.4367961
0.8913918
0.8666524
0.4288155
0.6249406
0.4207236
0.389424
0.2201998
0.8513842
0.2941323
0.3933755
0.01341138
0.5718813
0.779257
0.08683866
0.4126051
0.1936423
0.3092155
0.4704876
