0.7071897
0.4712958
0.3482835
0.413552
0.8471666
0.5040512
0.490801
0.4932213
0.4696109
0.3862405
0.5180123
0.4615727
0.6904888
0.6030772
0.5595999
0.3910746
0.6869048
0.6168839
0.4655748
0.7449223
0.5197641
0.4822244
0.5288876
0.555997
0.5147387
0.4235533
0.759464
0.4702657
0.5247076
0.5301459
0.3565283
0.4469077
0.5814705
0.63695
0.2465934
0.4983995
0.3546108
0.6174767
0.2576201
0.390701
0.3910787
0.5578226
0.6625849
0.4185996
0.6407729
0.6017643
0.4974659
0.6236325
0.5044954
0.4620684
0.7438117
0.5788776
0.4821194
0.2394185
0.5352167
0.3864998
0.254584
0.6467489
0.5425351
0.4894907
0.5526828
0.5597924
0.5377714
0.6247813
0.5220644
0.6307593
0.5472901
0.6476239
0.3670439
0.7373462
0.5434206
0.6303206
0.4569599
0.2269937
0.3683831
0.385563
0.6065854
0.6064929
0.4707228
0.4563132
0.519178
0.4822674
0.4481595
0.413529
0.5017025
0.891715
0.4729423
0.4953226
0.4299626
0.6876281
0.5227967
0.642195
0.3927937
0.4617202
0.7305107
0.2280198
0.3173729
0.5066427
0.2211142
0.4786407
