0.6893664
0.3887691
0.5445516
0.7641516
0.5706072
0.4615831
0.7249647
0.4293481
0.5307998
0.5559976
0.5547138
0.5465592
0.4837429
0.4031708
0.7291395
0.6309733
0.334404
0.4723777
0.3103829
0.735534
0.5149092
0.3042379
0.5272976
0.4552134
0.5037109
0.5811398
0.8784635
0.7169777
0.718145
0.6910472
0.2221875
0.3432087
0.4175593
0.6224843
0.6082452
0.3700823
0.6830603
0.550197
0.5835824
0.470093
0.5682083
0.4063288
0.3662891
0.3369883
0.4467356
0.7144215
0.5456118
0.8140703
0.4716166
0.626538
0.5665683
0.6737379
0.6317232
0.4641823
0.8399407
0.6478913
0.663828
0.6122042
0.4821677
0.692213
0.6528949
0.404276
0.533452
0.5813771
0.3989411
0.525001
0.6778427
0.5311643
0.5211572
0.48923
0.3749099
0.3531183
0.4672087
0.615965
0.7414084
0.2870355
0.3358574
0.4440842
0.2796582
0.5734297
0.296955
0.289749
0.6556536
0.3472738
0.6371126
0.3348709
0.8004112
0.4312767
0.8048242
0.6367903
0.474856
0.6600426
0.5791161
0.5452915
0.5203304
0.5457281
0.5140884
0.6854015
0.6956126
0.8559625
