0.4526517
0.6799021
0.4175079
0.5819653
0.4997294
0.4112627
0.8351804
0.5727795
0.1477618
0.4347307
0.5018368
0.5169533
0.266392
0.609114
0.5673777
0.5516433
0.3400243
0.258546
0.4493916
0.6269806
0.4393242
0.6624848
0.5925634
0.4482738
0.5741781
0.5292556
0.4195601
0.4585056
0.5467295
0.4293776
0.5290438
0.3702425
0.3206015
0.2779013
0.5055819
0.6517481
0.2720487
0.4013405
0.2390398
0.3469682
0.7003478
0.6985152
0.2904362
0.6184076
0.552363
0.2602116
0.5374767
0.5604905
0.3979399
0.6391187
0.477678
0.3129044
0.4022316
0.6056588
0.821114
0.6038933
0.1946703
0.3915079
0.5291108
0.5764295
0.5136661
0.5303566
0.4758305
0.5699934
0.6387748
0.4566192
0.6170579
0.1615401
0.5208198
0.498992
0.6166888
0.6037229
0.5428052
0.6807866
0.3752944
0.5916591
0.5817079
0.5681055
0.5743452
0.4277355
0.6678754
0.390713
0.4229973
0.4637959
0.4866302
0.596617
0.7042629
0.5090328
0.5434731
0.3744018
0.4832187
0.442857
0.4469522
0.09864559
0.5817636
0.531685
0.2072202
0.7947549
0.6237579
0.6698453
