0.4624882
0.5854135
0.686594
0.8264335
0.267147
0.5399307
0.5466058
0.3636411
0.3777161
0.5554596
0.5329693
0.5460511
0.46995
0.642743
0.6746801
0.5915988
0.4214926
0.325674
0.3649787
0.6070054
0.5411917
0.863878
0.5010427
0.3017123
0.5931117
0.6590802
0.6931763
0.5720766
0.4453808
0.5797534
0.7858963
0.3557775
0.5976277
0.5217613
0.6450959
0.6456881
0.5607769
0.5526753
0.6078966
0.708449
0.512106
0.5196695
0.3525067
0.4833947
0.4362888
0.5172639
0.4255686
0.2018498
0.4870068
0.6137511
0.552863
0.3453305
0.5156625
0.5384458
0.4943531
0.6103402
0.6537219
0.5699883
0.4290374
0.741775
0.6967705
0.2925347
0.4325508
0.6138755
0.3333301
0.4065465
0.7684871
0.7463331
0.5356531
0.5110148
0.6975596
0.6806042
0.3998057
0.6298693
0.4996703
0.3314748
0.4924081
0.4310781
0.413198
0.6566569
0.4200825
0.4460859
0.4313115
0.4036849
0.407219
0.1072281
0.4769796
0.3027711
0.6291555
0.7583591
0.52312
0.4823384
0.1041205
0.4935783
0.3469458
0.50994
0.511896
0.5933105
0.4092621
0.4244323
