0.3018865
0.4429101
0.4516629
0.5946166
0.4432234
0.5834003
0.5352121
0.4515081
0.4259233
0.6204261
0.5192058
0.5234467
0.6170668
0.2756756
0.6370374
0.4923387
0.9192495
0.6305159
0.3322126
0.4667958
0.3152485
0.5091191
0.6040834
0.4613584
0.5253422
0.5814315
0.3117457
0.5240103
0.5598343
0.5903279
0.5188028
0.298711
0.484492
0.3427239
0.2334509
0.2450037
0.5536572
0.4570376
0.6289228
0.4851914
0.7319944
0.6864561
0.596391
0.2874609
0.6521619
0.6003188
0.5684064
0.3836833
0.4541928
0.6895969
0.4697943
0.5881252
0.4417332
0.5749983
0.3743278
0.4449638
0.6468861
0.3149339
0.5241695
0.4996562
0.4837205
0.3233497
0.490081
0.2273827
0.7152915
0.6031842
0.5216721
0.5014614
0.5641616
0.6118189
0.3276865
0.492035
0.4774088
0.5441041
0.4541064
0.4085753
0.5687543
0.3046202
0.3841036
0.3477823
0.428881
0.4703575
0.3628752
0.4070626
0.4484139
0.6354647
0.5637726
0.5735525
0.1867407
0.5558477
0.494735
0.6344211
0.2520885
0.2696865
0.5085217
0.6343295
0.6246587
0.5199193
0.5248922
0.4796781
