0.4544352
0.5054471
0.4358278
0.5850599
0.3804616
0.3356133
0.5183755
0.4399102
0.5184707
0.6530118
0.5345624
0.3723798
0.5378624
0.3074627
0.3656832
0.5690617
0.5659856
0.5329326
0.4748965
0.5042197
0.5453505
0.4840522
0.1929856
0.647598
0.1582626
0.5760961
0.5689903
0.5844107
0.5664702
0.5336924
0.3684181
0.3643249
0.3865973
0.4097188
0.3291087
0.4495721
0.371998
0.3955603
0.5100193
0.5826
0.2698213
0.2741468
0.427255
0.6646838
0.7702132
0.4998746
0.3489487
0.3408447
0.9266772
0.4000729
0.4393347
0.3572043
0.6208509
0.4669491
0.4993155
0.4904089
0.5202852
0.373737
0.211559
0.759126
0.3275442
0.2348601
0.2862566
0.4814001
0.3131093
0.5853953
0.4932582
0.6424336
0.7952051
0.4159357
0.725837
0.553948
0.3020418
0.4973432
0.5793012
0.4520661
0.3127752
0.423089
0.4174786
0.6831583
0.5577259
0.337588
0.4127842
0.6060238
0.687599
0.347985
0.2054258
0.5016889
0.3066613
0.6985798
0.482845
0.6987716
0.5875819
0.5287871
0.1164032
0.7966827
0.5834664
0.447524
0.548637
0.5937391
