0.4562796
0.3602483
0.2569221
0.2870125
0.3999734
0.8565767
0.4468446
0.5363454
0.7234368
0.4769225
0.5666197
0.3232047
0.3738618
0.6252073
0.4047718
0.5469252
0.6084257
0.939739
0.533556
0.4628941
0.5537643
0.3834855
0.531666
0.5444274
0.4994393
0.5820238
0.4934456
0.3042421
0.6490888
0.3774887
0.3480193
0.560713
0.378903
0.6478093
0.4265721
0.5529637
0.3765595
0.4428336
0.5979564
0.6162706
0.8580392
0.5346868
0.6319256
0.2024222
0.2200136
0.4411251
0.8375467
0.4628189
0.4754026
0.6443393
0.4386539
0.7119712
0.4083597
0.4461179
0.4833955
0.6330404
0.6392953
0.1068785
0.5631857
0.5629285
0.7366311
0.417953
0.3925985
0.2946199
0.4003747
0.5728633
0.7505992
0.7107302
0.5580056
0.4147314
0.377941
0.4496596
0.5778449
0.6383157
0.570212
0.3450601
0.3769939
0.463366
0.5883118
0.7470369
0.4271648
0.9537269
0.4936877
0.4823514
0.4964488
0.4803942
0.5562957
0.4731554
0.4905497
0.2384406
0.3141075
0.5344132
0.4412132
0.4709229
0.4207899
0.620249
0.6535329
0.409512
0.5135835
0.6420125
